216  
7    

1    
  0.0039032904919566   0.0022535658162565   0.0089266883247485
  -0.0186133900   -0.0107464500   -0.0815097900
   0.0000990500    0.0000571900    0.0003343000
   0.0000772600    0.0000446000    0.0003476300
  -0.0001024300   -0.0000022600    0.0002802000
   0.0000132700    0.0000245000    0.0001421600
   0.0001385100    0.0000380600   -0.0002316500
  -0.0000807500   -0.0000147000    0.0002742100
   0.0001440400    0.0000207800   -0.0002301200
   0.0000132900   -0.0000101600    0.0001506100
  -0.0000531800   -0.0000875700    0.0002802000
   0.0000278500   -0.0000007600    0.0001421600
   0.0001022200    0.0001009200   -0.0002316500
  -0.0000327200   -0.0000188900    0.0001464200
   0.0000163300    0.0000094300   -0.0000213700
  -0.0001513600   -0.0000873900    0.0003550300
  -0.0001023900   -0.0000449100   -0.0002739200
   0.0003264000   -0.0001758600    0.0005250800
   0.0000108900    0.0002899100    0.0005438700
  -0.0000531100   -0.0000625800    0.0002742100
   0.0000900200    0.0001143600   -0.0002301200
  -0.0000021600    0.0000166000    0.0001506100
  -0.0000900900   -0.0000662200   -0.0002739200
   0.0000109000    0.0003706000    0.0005250800
   0.0002565200   -0.0001355200    0.0005438700
  -0.0000026800   -0.0000015500    0.0001285300
  -0.0000818800   -0.0000472700    0.0003137400
   0.0000165100    0.0000095300   -0.0000212300
  -0.0000059700   -0.0000034500    0.0000429000
  -0.0024216000   -0.0013981100    0.0017521900
   0.0001122200    0.0000647900   -0.0000307900
   0.0031017000   -0.0025444100    0.0044524600
  -0.0000359900    0.0006425100    0.0008454500
   0.0000474600    0.0000425500    0.0001395300
  -0.0000684300    0.0000361700   -0.0001029300
  -0.0000406900    0.0000204600    0.0001067400
   0.0000746900    0.0000407300   -0.0001967700
  -0.0006526700    0.0039583600    0.0044524600
   0.0005384300   -0.0003524200    0.0008454500
   0.0000605800    0.0000198300    0.0001395300
  -0.0003835300   -0.0002214300    0.0004107500
  -0.0000040700   -0.0000023500    0.0000731400
   0.0000660100    0.0000381100   -0.0001084900
  -0.0000520300   -0.0000013900    0.0000956300
  -0.0000501800   -0.0000260700   -0.0001427300
   0.0000407200    0.0000286800   -0.0001633500
  -0.0000028900   -0.0000773400   -0.0001029300
  -0.0000026300   -0.0000454600    0.0001067400
   0.0000726200    0.0000443200   -0.0001967700
  -0.0000272200   -0.0000443600    0.0000956300
  -0.0000476600   -0.0000304200   -0.0001427300
   0.0000452000    0.0000209200   -0.0001633500
  -0.0000232700   -0.0000134400   -0.0002239900
  -0.0000382000   -0.0000220600   -0.0001889500
   0.0000615300    0.0000355200    0.0004832100
   0.0001012200    0.0000584400    0.0000341700
  -0.0001535200   -0.0000886300    0.0001688400
  -0.0000348100   -0.0000201000   -0.0001191300
   0.0007160000   -0.0002152300    0.0000112600
   0.0000054700   -0.0000181200   -0.0001644600
  -0.0002373000   -0.0002026400   -0.0001008700
   0.0000289200   -0.0000202900   -0.0001033000
   0.0000793300   -0.0001018300   -0.0000142900
  -0.0000434700    0.0000201100    0.0000946600
   0.0001716000    0.0007276900    0.0000112600
  -0.0000129500    0.0000138000   -0.0001644600
  -0.0002941400   -0.0001041900   -0.0001008700
   0.0000189800    0.0000109600   -0.0001382100
  -0.0000157300   -0.0000090800   -0.0000127200
   0.0000177500    0.0000102500    0.0001536000
   0.0003477800   -0.0000917900   -0.0001042500
  -0.0000660000    0.0000726200    0.0001306700
  -0.0000085900   -0.0000135700   -0.0001341300
  -0.0000031100    0.0000351900   -0.0001033000
  -0.0000485200    0.0001196200   -0.0000142900
  -0.0000043200   -0.0000477000    0.0000946600
   0.0000943900    0.0003470900   -0.0001042500
   0.0000298900   -0.0000934600    0.0001306700
  -0.0000160500   -0.0000006600   -0.0001341300
  -0.0000272000   -0.0000157100    0.0001038700
   0.0000206700    0.0000119400   -0.0001315800
  -0.0000152800   -0.0000088200    0.0000400200
  -0.0000069800   -0.0000040300   -0.0000103700
  -0.0000439500   -0.0000253700   -0.0001066100
  -0.0000538100   -0.0000310700    0.0001366400
   0.0001173500   -0.0000806300   -0.0003263300
   0.0000000600    0.0000060400    0.0003356500
  -0.0000711500   -0.0000622500   -0.0000410800
  -0.0000422100    0.0000381400    0.0001812100
   0.0000782200   -0.0000480400   -0.0000351500
  -0.0000141900   -0.0000388900    0.0000635600
  -0.0000111500    0.0001419400   -0.0003263300
   0.0000052600   -0.0000029700    0.0003356500
  -0.0000894800   -0.0000304900   -0.0000410800
   0.0028120700    0.0016235500    0.0003617800
   0.0000209900    0.0000121200   -0.0002051300
  -0.0000284500   -0.0000164300    0.0000339100
   0.0000610100   -0.0000138400   -0.0000152000
   0.0000209400   -0.0000112100    0.0000492600
  -0.0000581500   -0.0000153700    0.0000949000
   0.0000119200   -0.0000556300    0.0001812100
  -0.0000024900    0.0000917500   -0.0000351500
  -0.0000407700    0.0000071500    0.0000635600
   0.0000185200    0.0000597600   -0.0000152000
   0.0000007600    0.0000237400    0.0000492600
  -0.0000423800   -0.0000426700    0.0000949000
   0.0000427100    0.0000246600    0.0000561900
   0.0000338000    0.0000195100    0.0000844900
  -0.0000201500   -0.0000116400    0.0000016900
   0.0000011600    0.0000006700    0.0061643600
  -0.0000238700   -0.0000137800   -0.0001512400
  -0.0000920800   -0.0000531600    0.0000092700
   0.0000167800   -0.0000092800   -0.0001365100
  -0.0000365500    0.0000015500   -0.0000525700
   0.0000845000   -0.0000217100    0.0000385000
   0.0001102500    0.0001197600    0.0001346100
  -0.0001288100   -0.0000346400   -0.0000083000
   0.0000068600   -0.0000011000   -0.0001368300
   0.0000003500    0.0000191700   -0.0001365100
  -0.0000169400   -0.0000324200   -0.0000525700
   0.0000234500    0.0000840300    0.0000385000
   0.0000244100    0.0000141000   -0.0000662500
  -0.0000044700   -0.0000025800    0.0000210800
   0.0000377300    0.0000217800   -0.0001402100
  -0.0000122500    0.0001246800    0.0000331300
  -0.0000367200    0.0000067400   -0.0001489600
  -0.0000109300   -0.0004404600    0.0001033800
   0.0001588400    0.0000356000    0.0001346100
  -0.0000944100   -0.0000942300   -0.0000083000
   0.0000024800    0.0000064900   -0.0001368300
   0.0001018500   -0.0000729500    0.0000331300
  -0.0000125200   -0.0000351800   -0.0001489600
  -0.0003869200    0.0002107700    0.0001033800
   0.0000072900    0.0000042100   -0.0001103600
   0.0000947700    0.0000547100    0.0000625200
  -0.0000087300   -0.0000050400   -0.0000139800
  -0.0000178500   -0.0000171000   -0.0000142600
   0.0002458000    0.0001238200   -0.0001844300
   0.0000363000   -0.0000270700   -0.0000405900
  -0.0000641200   -0.0000039600    0.0000619200
  -0.0000256400   -0.0001548400   -0.0004049200
   0.0000123900   -0.0000453200   -0.0000762600
  -0.0000230100   -0.0000122700   -0.0000155500
   0.0000006000   -0.0000305700   -0.0000539400
   0.0000223800    0.0000216000   -0.0000004600
   0.0004847800    0.0294989500    0.0247712800
   0.0001086400   -0.0001120500   -0.0000650400
   0.0000220100   -0.0000424300   -0.0000639900
  -0.0001239700   -0.0000504600   -0.0000086800
   0.0000024500   -0.0000242900   -0.0000291900
  -0.0000224300   -0.0000015000   -0.0000216200
  -0.0000272400   -0.0000315900   -0.0000275100
   0.0000750400    0.0000631700    0.0000257000
   0.0000064900   -0.0000086900   -0.0000105900
  -0.0000054700    0.0000414100    0.0000771300
   0.0000057100   -0.0000071000   -0.0000048100
   0.0000424600   -0.0000011600   -0.0000785000
  -0.0000103200   -0.0000018600    0.0000048400
  -0.0000066700    0.0000089800    0.0000105700
  -0.0000069200    0.0000104000    0.0000162700
  -0.0000051600    0.0000012600    0.0000548500
   0.0000134600    0.0000277500    0.0000520300
   0.0000110800   -0.0000631200   -0.0001801300
   0.0000251800    0.0000145400   -0.0000286800
  -0.0124668000   -0.0071977100    0.0119902800
  -0.0000358300   -0.0000206900    0.0000921800
   0.0001978400   -0.0000126800    0.0002043800
   0.0000466900    0.0001699200   -0.0001124500
  -0.0000015800    0.0000033000    0.0000099200
  -0.0000007200    0.0000216100   -0.0000135300
   0.0000279600    0.0000180600   -0.0000658800
   0.0000030400   -0.0000782000    0.0001642300
   0.0000879400    0.0001776700    0.0002043800
   0.0001705000   -0.0000445200   -0.0001124500
   0.0000020700   -0.0000030200    0.0000099200
   0.0000643000    0.0000371200   -0.0002714800
   0.0000217100    0.0000125300   -0.0000332500
  -0.0000329600   -0.0000190300    0.0000525300
   0.0000349000    0.0000289800   -0.0000726800
   0.0000348300   -0.0000485700   -0.0000571200
  -0.0000197800   -0.0000304800    0.0000597000
   0.0000183500   -0.0000114300   -0.0000135300
   0.0000296200    0.0000151800   -0.0000658800
  -0.0000662000    0.0000417400    0.0001642300
   0.0000425500    0.0000157300   -0.0000726800
  -0.0000246400    0.0000544500   -0.0000571200
  -0.0000362800   -0.0000018900    0.0000597000
  -0.0000337700   -0.0000195000    0.0000204300
   0.0000118500    0.0000068400   -0.0000176200
   0.0000221900    0.0000128100   -0.0000616900
  -0.0000237300   -0.0000069100   -0.0000142600
   0.0002301300    0.0001509600   -0.0001844300
  -0.0000052900    0.0000449700   -0.0000405900
   0.0257892300   -0.0143296400    0.0247712800
  -0.0000427200    0.0001501100   -0.0000650400
  -0.0000257400    0.0000402800   -0.0000639900
   0.0000331300   -0.0000254400    0.0000771300
  -0.0000033000    0.0000084900   -0.0000048100
   0.0000202200    0.0000373500   -0.0000785000
  -0.0000354900   -0.0000535500    0.0000619200
  -0.0001469200    0.0000552200   -0.0004049200
  -0.0000330500    0.0000333800   -0.0000762600
  -0.0001056800   -0.0000821300   -0.0000086800
  -0.0000198100    0.0000142700   -0.0000291900
  -0.0000125100   -0.0000186800   -0.0000216200
  -0.0000067700   -0.0000080000    0.0000048400
   0.0000044400   -0.0000102700    0.0000105700
   0.0000055500   -0.0000112000    0.0000162700
  -0.0000221300   -0.0000137900   -0.0000155500
  -0.0000261700    0.0000158000   -0.0000539400
   0.0000298900    0.0000085800   -0.0000004600
  -0.0000409800   -0.0000077900   -0.0000275100
   0.0000922300    0.0000334000    0.0000257000
  -0.0000042800    0.0000099600   -0.0000105900
  -0.0000014900   -0.0000051000    0.0000548500
   0.0000307600   -0.0000022200    0.0000520300
  -0.0000491200    0.0000411600   -0.0001801300

1    
 -0.0039032904919566  -0.0022535658162565  -0.0089266883247485
   0.0192824200    0.0111327100    0.0834905600
  -0.0000982200   -0.0000567100   -0.0001801100
  -0.0000765900   -0.0000442200   -0.0001919200
   0.0001015400    0.0000024100   -0.0001262500
  -0.0000132600   -0.0000245000    0.0000113400
  -0.0001373200   -0.0000371600    0.0003816400
   0.0000800300    0.0000149500   -0.0001197700
  -0.0001425600   -0.0000208900    0.0003795000
  -0.0000131700    0.0000102000    0.0000019900
   0.0000528500    0.0000867300   -0.0001262500
  -0.0000278500    0.0000007600    0.0000113400
  -0.0001008400   -0.0001003400    0.0003816400
   0.0000326000    0.0000188200    0.0000067300
  -0.0000162300   -0.0000093700    0.0001724400
   0.0001488700    0.0000859500   -0.0001989500
   0.0001005500    0.0000448800    0.0004228000
  -0.0003228200    0.0001738400   -0.0003685200
  -0.0000108900   -0.0002886700   -0.0003895200
   0.0000529600    0.0000618300   -0.0001197700
  -0.0000893700   -0.0001130100    0.0003795000
   0.0000022500   -0.0000165100    0.0000019900
   0.0000891400    0.0000646400    0.0004228000
  -0.0000108600   -0.0003664900   -0.0003685200
  -0.0002554400    0.0001349000   -0.0003895200
   0.0000026400    0.0000015200    0.0000237100
   0.0000812500    0.0000469100   -0.0001599400
  -0.0000162000   -0.0000093600    0.0001726800
   0.0000058600    0.0000033800   -0.0001941600
   0.0024401900    0.0014088500   -0.0019099500
  -0.0001110900   -0.0000641400   -0.0001212600
  -0.0031559000    0.0025878000   -0.0046586700
   0.0000354300   -0.0006401400   -0.0009935700
  -0.0000468900   -0.0000426800   -0.0002903900
   0.0000680200   -0.0000358400   -0.0000504500
   0.0000404100   -0.0000206200   -0.0002576500
  -0.0000737500   -0.0000408800    0.0000444300
   0.0006631500   -0.0040269900   -0.0046586700
  -0.0005366600    0.0003507500   -0.0009935700
  -0.0000604100   -0.0000192700   -0.0002903900
   0.0003786900    0.0002186400   -0.0005583300
   0.0000041000    0.0000023600   -0.0002241400
  -0.0000650500   -0.0000375600   -0.0000438600
   0.0000519200    0.0000016000   -0.0002464800
   0.0000494500    0.0000257600   -0.0000095000
  -0.0000403900   -0.0000282900    0.0000093400
   0.0000029700    0.0000768200   -0.0000504500
   0.0000023500    0.0000453000   -0.0002576500
  -0.0000722800   -0.0000434300    0.0000444300
   0.0000273400    0.0000441700   -0.0002464800
   0.0000470300    0.0000299400   -0.0000095000
  -0.0000447000   -0.0000208400    0.0000093400
   0.0000237600    0.0000137200    0.0000721700
   0.0000376500    0.0000217400    0.0000346800
  -0.0000616200   -0.0000355800   -0.0006345000
  -0.0000993200   -0.0000573400   -0.0000385700
   0.0001751900    0.0001011400   -0.0001581300
   0.0000343700    0.0000198400    0.0001183500
  -0.0007077500    0.0002108000   -0.0000069300
  -0.0000054900    0.0000180100    0.0001631900
   0.0002360700    0.0002029000    0.0000994900
  -0.0000285300    0.0000200500    0.0001025700
  -0.0000789500    0.0001021200    0.0000137300
   0.0000430000   -0.0000199000   -0.0000933600
  -0.0001713200   -0.0007183300   -0.0000069300
   0.0000128500   -0.0000137600    0.0001631900
   0.0002937500    0.0001029900    0.0000994900
  -0.0000189600   -0.0000109400    0.0001368700
   0.0000155700    0.0000089900    0.0000120300
  -0.0000176200   -0.0000101700   -0.0001512500
  -0.0003476500    0.0000910300    0.0001028000
   0.0000657000   -0.0000719200   -0.0001289700
   0.0000087000    0.0000128600    0.0001333300
   0.0000031000   -0.0000347300    0.0001025700
   0.0000489600   -0.0001194400    0.0000137300
   0.0000042700    0.0000471900   -0.0000933600
  -0.0000949900   -0.0003465900    0.0001028000
  -0.0000294400    0.0000928600   -0.0001289700
   0.0000154900    0.0000011000    0.0001333300
   0.0000266300    0.0000153700   -0.0001023300
  -0.0000200200   -0.0000115600    0.0001308300
   0.0000151500    0.0000087500   -0.0000406000
   0.0000067900    0.0000039200    0.0001142600
   0.0000441100    0.0000254600    0.0002109000
   0.0000533500    0.0000308000   -0.0000308900
  -0.0001175300    0.0000812500    0.0004301400
   0.0000031000   -0.0000194300   -0.0002263400
   0.0000705100    0.0000616500    0.0001448800
   0.0000411500   -0.0000376400   -0.0000747500
  -0.0000773300    0.0000475300    0.0001390300
   0.0000142200    0.0000391300    0.0000407400
   0.0000116000   -0.0001424100    0.0004301400
  -0.0000152800    0.0000124000   -0.0002263400
   0.0000886400    0.0000302400    0.0001448800
  -0.0028379000   -0.0016384600   -0.0002363100
  -0.0000210100   -0.0000121300    0.0003071800
   0.0000282600    0.0000163200    0.0000701700
  -0.0000603000    0.0000134600    0.0001193400
  -0.0000208700    0.0000111800    0.0000549600
   0.0000574200    0.0000152200    0.0000103500
  -0.0000120200    0.0000544600   -0.0000747500
   0.0000024900   -0.0000907400    0.0001390300
   0.0000410000   -0.0000072500    0.0000407400
  -0.0000184900   -0.0000589500    0.0001193400
  -0.0000007500   -0.0000236600    0.0000549600
   0.0000419000    0.0000421200    0.0000103500
  -0.0000427500   -0.0000246800    0.0000479200
  -0.0000331000   -0.0000191100    0.0000205100
   0.0000203500    0.0000117500    0.0001033000
  -0.0000181400   -0.0000104800   -0.0060892100
   0.0000236900    0.0000136800    0.0000457600
   0.0000863300    0.0000498400   -0.0001173800
  -0.0000166700    0.0000093000    0.0000313100
   0.0000361200   -0.0000012500   -0.0000524500
  -0.0000836800    0.0000211800   -0.0001418700
  -0.0001052800   -0.0001190100   -0.0002411200
   0.0001275300    0.0000344200   -0.0000956400
  -0.0000067700    0.0000007800    0.0000317500
  -0.0000002800   -0.0000190800    0.0000313100
   0.0000169800    0.0000319100   -0.0000524500
  -0.0000235000   -0.0000830600   -0.0001418700
  -0.0000242500   -0.0000140000   -0.0000391400
   0.0000044600    0.0000025800   -0.0001247800
  -0.0000380000   -0.0000219400    0.0000347100
   0.0000122100   -0.0001235800   -0.0001364400
   0.0000370000   -0.0000069300    0.0000436400
   0.0000107600    0.0004383900   -0.0002094800
  -0.0001557000   -0.0000316700   -0.0002411200
   0.0000935700    0.0000932400   -0.0000956400
  -0.0000027100   -0.0000062500    0.0000317500
  -0.0001009100    0.0000723700   -0.0001364400
   0.0000124900    0.0000355100    0.0000436400
   0.0003850300   -0.0002098700   -0.0002094800
  -0.0000070400   -0.0000040700    0.0000055100
  -0.0000940000   -0.0000542700   -0.0001676400
   0.0000086600    0.0000050000   -0.0000899500
   0.0000178100    0.0000169500    0.0000143000
  -0.0002489300   -0.0001267700    0.0001855400
  -0.0000358400    0.0000268400    0.0000402600
   0.0000681100    0.0000041100   -0.0000577800
   0.0000251700    0.0001540200    0.0004027700
  -0.0000122400    0.0000453300    0.0000763100
   0.0000228300    0.0000122500    0.0000154900
  -0.0000007100    0.0000305000    0.0000539500
  -0.0000222000   -0.0000214300    0.0000006300
  -0.0003862000   -0.0305251600   -0.0257367300
  -0.0001076700    0.0001110100    0.0000648300
  -0.0000219500    0.0000418700    0.0000632000
   0.0001231200    0.0000501400    0.0000082900
  -0.0000024100    0.0000240300    0.0000289600
   0.0000233100    0.0000011500    0.0000210000
   0.0000271200    0.0000312100    0.0000269400
  -0.0000745200   -0.0000627600   -0.0000252600
  -0.0000064500    0.0000086500    0.0000104900
   0.0000054700   -0.0000408000   -0.0000763900
  -0.0000057400    0.0000068800    0.0000046100
  -0.0000421400    0.0000004000    0.0000772800
   0.0000103600    0.0000017200   -0.0000049400
   0.0000065800   -0.0000089000   -0.0000103500
   0.0000068700   -0.0000100700   -0.0000158100
   0.0000045500   -0.0000014600   -0.0000556100
  -0.0000134000   -0.0000273300   -0.0000513300
  -0.0000112100    0.0000628200    0.0001792400
  -0.0000248400   -0.0000143400    0.0000285200
   0.0125883000    0.0072678600   -0.0120116700
   0.0000355200    0.0000205100   -0.0000912500
  -0.0002001300    0.0000102000   -0.0002011500
  -0.0000463000   -0.0001682100    0.0001115000
   0.0000017200   -0.0000033000   -0.0000099900
   0.0000006200   -0.0000214700    0.0000136000
  -0.0000276600   -0.0000178000    0.0000653000
  -0.0000036000    0.0000775900   -0.0001636000
  -0.0000912300   -0.0001784200   -0.0002011500
  -0.0001688200    0.0000440100    0.0001115000
  -0.0000019900    0.0000031400   -0.0000099900
  -0.0000636700   -0.0000367600    0.0002676200
  -0.0000215600   -0.0000124500    0.0000330800
   0.0000326500    0.0000188500   -0.0000517500
  -0.0000349000   -0.0000288300    0.0000725400
  -0.0000341000    0.0000488200    0.0000561500
   0.0000195000    0.0000302000   -0.0000590600
  -0.0000182800    0.0000112700    0.0000136000
  -0.0000292400   -0.0000150500    0.0000653000
   0.0000654000   -0.0000419100   -0.0001636000
  -0.0000424200   -0.0000158100    0.0000725400
   0.0000252300   -0.0000539500    0.0000561500
   0.0000359100    0.0000017900   -0.0000590600
   0.0000334000    0.0000192800   -0.0000198100
  -0.0000118300   -0.0000068300    0.0000175300
  -0.0000219700   -0.0000126800    0.0000610200
   0.0000235800    0.0000069500    0.0000143000
  -0.0002342500   -0.0001522000    0.0001855400
   0.0000053200   -0.0000444600    0.0000402600
  -0.0266286700    0.0149281200   -0.0257367300
   0.0000423000   -0.0001487500    0.0000648300
   0.0000252900   -0.0000399500    0.0000632000
  -0.0000326000    0.0000251300   -0.0000763900
   0.0000030900   -0.0000084100    0.0000046100
  -0.0000207200   -0.0000367000    0.0000772800
   0.0000376200    0.0000569300   -0.0000577800
   0.0001459700   -0.0000552100    0.0004027700
   0.0000331400   -0.0000332600    0.0000763100
   0.0001049900    0.0000815600    0.0000082900
   0.0000196000   -0.0000141100    0.0000289600
   0.0000126500    0.0000196100    0.0000210000
   0.0000066700    0.0000081100   -0.0000049400
  -0.0000044200    0.0000101500   -0.0000103500
  -0.0000052800    0.0000109800   -0.0000158100
   0.0000220200    0.0000136500    0.0000154900
   0.0000260600   -0.0000158700    0.0000539500
  -0.0000296600   -0.0000085000    0.0000006300
   0.0000405900    0.0000078800    0.0000269400
  -0.0000916100   -0.0000331600   -0.0000252600
   0.0000042600   -0.0000099100    0.0000104900
   0.0000010100    0.0000046700   -0.0000556100
  -0.0000303700    0.0000020700   -0.0000513300
   0.0000487900   -0.0000411200    0.0001792400

55   
  0.0039032904919566   0.0022535658162565   0.0089266883247485
   0.0001011400    0.0000583900    0.0001157700
  -0.0000205500   -0.0000118600   -0.0000498100
   0.0004703700    0.0002715700   -0.0001469300
   0.0000145900   -0.0000121900   -0.0000225800
  -0.0000429600   -0.0000161000    0.0001794000
   0.0000482900    0.0000403100    0.0000403300
   0.0000631100    0.0001615000    0.0002723700
  -0.0002065100    0.0001501000   -0.0001255500
   0.0000053900   -0.0000322900   -0.0000838400
  -0.0000032600    0.0000187300   -0.0000225800
  -0.0000354300   -0.0000291500    0.0001794000
   0.0000590500    0.0000216700    0.0000403300
   0.0000040500    0.0000023400    0.0001616200
  -0.0000153200   -0.0000088400    0.0001150600
   0.0000089100    0.0000051500   -0.0000477100
  -0.0000133100    0.0000382400    0.0000989600
  -0.0000039000   -0.0000073300   -0.0000600200
   0.0000295200   -0.0000540900    0.0001963800
   0.0001714200   -0.0000260900    0.0002723700
   0.0000267300   -0.0002538900   -0.0001255500
  -0.0000252700    0.0000208100   -0.0000838400
   0.0000264600   -0.0000306500    0.0000989600
  -0.0000083000    0.0000002900   -0.0000600200
  -0.0000320800    0.0000526100    0.0001963800
   0.0000315500    0.0000182200   -0.0000697700
  -0.0000153400   -0.0000088600    0.0002490600
  -0.0000165600   -0.0000095600    0.0000616500
   0.0001003900    0.0000579600   -0.0000380500
   0.0004984800    0.0002878000   -0.0002829000
  -0.0000205100   -0.0000118400   -0.0002022100
   0.0000632300    0.0001613500    0.0001235300
   0.0000054800   -0.0000325300   -0.0002363600
  -0.0002055100    0.0001507500   -0.0002780400
   0.0000145800   -0.0000121600   -0.0001747200
   0.0000486500    0.0000410100   -0.0001129000
  -0.0000430700   -0.0000161600    0.0000270200
   0.0001713500   -0.0000259200    0.0001235300
  -0.0000254300    0.0000210100   -0.0002363600
   0.0000278000   -0.0002533500   -0.0002780400
   0.0000319400    0.0000184400   -0.0002224200
  -0.0000164700   -0.0000095100   -0.0000908000
  -0.0000152000   -0.0000087800    0.0000962300
   0.0000259000   -0.0000312400   -0.0000541800
  -0.0000322400    0.0000529300    0.0000439300
  -0.0000083300    0.0000004300   -0.0002123700
  -0.0000032400    0.0000187100   -0.0001747200
   0.0000598400    0.0000216300   -0.0001129000
  -0.0000355300   -0.0000292200    0.0000270200
  -0.0000141100    0.0000380500   -0.0000541800
   0.0000297200   -0.0000543900    0.0000439300
  -0.0000038000   -0.0000074300   -0.0002123700
   0.0000040500    0.0000023400    0.0000093100
   0.0000089500    0.0000051700   -0.0001997000
  -0.0000152900   -0.0000088300   -0.0000369900
  -0.0029454500   -0.0017005600   -0.0024798000
   0.0000693900    0.0000400600    0.0002205000
   0.0000688800    0.0000397700    0.0002195900
  -0.0000873800    0.0000659500    0.0001453400
   0.0000253600    0.0000358800    0.0000830400
   0.0000546700   -0.0001105700   -0.0002219100
  -0.0000868800    0.0000656200    0.0001450300
   0.0000550300   -0.0001107200   -0.0002222100
   0.0000255300    0.0000358700    0.0000829800
   0.0000134200   -0.0001086500    0.0001453400
   0.0000437500    0.0000040300    0.0000830400
  -0.0000684200    0.0001026300   -0.0002219100
  -0.0000001500   -0.0000000800    0.0000648600
   0.0000198600    0.0000114600   -0.0001009100
  -0.0000236400   -0.0000136500    0.0000397900
   0.0000405700    0.0000234000   -0.0001543800
   0.0000093100   -0.0000569600    0.0000650900
  -0.0000445100    0.0000365500    0.0000651500
   0.0000133900   -0.0001080500    0.0001450300
  -0.0000683800    0.0001030200   -0.0002222100
   0.0000438300    0.0000041800    0.0000829800
   0.0000405500    0.0000234400   -0.0001543800
  -0.0000446800    0.0000365500    0.0000650900
   0.0000094000   -0.0000568200    0.0000651500
  -0.0000000900   -0.0000000500    0.0000647500
  -0.0000237000   -0.0000136800    0.0000398700
   0.0000198700    0.0000114700   -0.0001008500
   0.0000092700    0.0000053500    0.0001893100
  -0.0002191000   -0.0001265000   -0.0004158100
   0.0000903300    0.0000521500    0.0001511200
   0.0012142600   -0.0009211900    0.0003770200
  -0.0000764800    0.0001668400    0.0001708400
   0.0000008000    0.0000119900    0.0001327900
  -0.0000133500    0.0000207900    0.0001086700
  -0.0000113800    0.0000166500    0.0000905800
   0.0000199900   -0.0000334600   -0.0000318100
  -0.0001906400    0.0015121700    0.0003770200
   0.0001062400   -0.0001496500    0.0001708400
   0.0000107800   -0.0000053000    0.0001327900
  -0.0001510000   -0.0000871800    0.0001048700
   0.0000038500    0.0000022200    0.0000941900
   0.0001099300    0.0000634700   -0.0000114900
  -0.0000132200    0.0000150000    0.0000852900
  -0.0000322600    0.0000434900    0.0000028800
   0.0000422000   -0.0000601200    0.0000661200
   0.0000113300   -0.0000219500    0.0001086700
   0.0000087300   -0.0000181800    0.0000905800
  -0.0000189800    0.0000340500   -0.0000318100
   0.0000063800   -0.0000189500    0.0000852900
   0.0000215300   -0.0000496800    0.0000028800
  -0.0000309700    0.0000666000    0.0000661200
   0.0000020400    0.0000011800   -0.0000012900
   0.0000169400    0.0000097800    0.0000925300
  -0.0000131900   -0.0000076200    0.0000635100
   0.0000093100    0.0000053700    0.0000853200
   0.0000903400    0.0000521600    0.0000466900
  -0.0002130100   -0.0001229800   -0.0005236400
  -0.0000136400    0.0000209200    0.0000042800
   0.0000200300   -0.0000334300   -0.0001366400
  -0.0000115000    0.0000166600   -0.0000142500
   0.0012203100   -0.0009280700    0.0002714200
   0.0000007500    0.0000119700    0.0000280500
  -0.0000759600    0.0001657800    0.0000654200
   0.0000113000   -0.0000222700    0.0000042800
  -0.0000189400    0.0000340600   -0.0001366400
   0.0000086800   -0.0000182800   -0.0000142500
   0.0000018800    0.0000010900   -0.0001059700
  -0.0000133200   -0.0000076900   -0.0000410800
   0.0000170400    0.0000098400   -0.0000121600
   0.0000064000   -0.0000189700   -0.0000196500
  -0.0000311600    0.0000665400   -0.0000386200
   0.0000215400   -0.0000496700   -0.0001015000
  -0.0001935800    0.0015208500    0.0002714200
   0.0000107400   -0.0000053300    0.0000280500
   0.0001055900   -0.0001486700    0.0000654200
  -0.0000132300    0.0000150300   -0.0000196500
   0.0000420400   -0.0000602500   -0.0000386200
  -0.0000322500    0.0000434900   -0.0001015000
  -0.0001500400   -0.0000866200    0.0000002800
   0.0001103300    0.0000637000   -0.0001159100
   0.0000039000    0.0000022500   -0.0000105400
   0.0000840800   -0.0001266900   -0.0001923500
  -0.0001359400    0.0002360700    0.0003707700
  -0.0000085700    0.0000268100    0.0000247000
  -0.0000199300    0.0000673300    0.0000945200
   0.0000020800    0.0000300900    0.0000414900
  -0.0000321600   -0.0000617500   -0.0000865700
   0.0000065700    0.0000241300    0.0000255300
   0.0000085900   -0.0000392100   -0.0000433600
  -0.0000119900    0.0000137400    0.0000090400
   0.0000852500   -0.0001339300   -0.0001851500
  -0.0000086000    0.0000268100    0.0000246600
  -0.0001401900    0.0002351700    0.0003707200
   0.0000066100    0.0000241700    0.0000255400
  -0.0000119400    0.0000137300    0.0000090000
   0.0000085600   -0.0000391500   -0.0000432100
  -0.0000179700    0.0000673100    0.0000956800
  -0.0000322900   -0.0000618600   -0.0000867000
   0.0000020800    0.0000300600    0.0000413700
  -0.0000033800    0.0000046200   -0.0000034800
   0.0000139200   -0.0000050000   -0.0000139000
   0.0000137900   -0.0000050200   -0.0000137500
  -0.0000139200   -0.0000187500   -0.0000347100
   0.0000052800    0.0000025000    0.0000219900
   0.0000012800    0.0000107300    0.0000172100
  -0.0000137600   -0.0000188400   -0.0000346200
   0.0000012500    0.0000107000    0.0000171400
   0.0000052300    0.0000025500    0.0000218800
  -0.0000630400   -0.0000363900    0.0001011200
  -0.0000552200   -0.0000318800    0.0001209800
  -0.0000129400   -0.0000074700    0.0000040400
  -0.0000201000   -0.0000519100    0.0001994500
  -0.0000135200   -0.0000195300    0.0000214000
   0.0000145400    0.0000549200   -0.0000849200
  -0.0000135000   -0.0000194600    0.0000213700
  -0.0000196100   -0.0000534900    0.0002004400
   0.0000149300    0.0000549300   -0.0000849700
  -0.0000550100    0.0000085500    0.0001994500
  -0.0000236800   -0.0000019400    0.0000214000
   0.0000548300   -0.0000148700   -0.0000849200
  -0.0000209300   -0.0000120800    0.0000367900
   0.0000033900    0.0000019600   -0.0000141500
   0.0000150100    0.0000086700   -0.0000233600
   0.0000276000   -0.0000250900   -0.0000221200
  -0.0000081200    0.0000365100   -0.0000218900
  -0.0000163200   -0.0000094000    0.0000256600
  -0.0000236100   -0.0000019600    0.0000213700
  -0.0000561300    0.0000097600    0.0002004400
   0.0000550300   -0.0000145400   -0.0000849700
  -0.0000079300    0.0000364400   -0.0000221200
   0.0000275600   -0.0000252900   -0.0000218900
  -0.0000163000   -0.0000094300    0.0000256600
   0.0000034800    0.0000020100   -0.0000142100
  -0.0000208800   -0.0000120500    0.0000366300
   0.0000150100    0.0000086700   -0.0000234300
  -0.0000676800    0.0001361600   -0.0001923500
   0.0001364800   -0.0002357600    0.0003707700
   0.0000189300   -0.0000208200    0.0000247000
  -0.0000733600    0.0001407900   -0.0001851500
   0.0000189200   -0.0000208500    0.0000246600
   0.0001335700   -0.0002390000    0.0003707200
   0.0000023100   -0.0000052300   -0.0000034800
   0.0000026300    0.0000145500   -0.0000139000
   0.0000025400    0.0000144500   -0.0000137500
   0.0000483400   -0.0000509200    0.0000945200
   0.0000271000   -0.0000132400    0.0000414900
  -0.0000695500    0.0000030200   -0.0000865700
   0.0000242400   -0.0000063600    0.0000255400
   0.0000059200   -0.0000172100    0.0000090000
  -0.0000296200    0.0000269900   -0.0000432100
  -0.0000232000   -0.0000026800   -0.0000347100
   0.0000048100    0.0000033200    0.0000219900
   0.0000099300   -0.0000042600    0.0000172100
   0.0000241800   -0.0000063800    0.0000255300
  -0.0000296600    0.0000270400   -0.0000433600
   0.0000059100   -0.0000172500    0.0000090400
   0.0000493000   -0.0000492200    0.0000956800
  -0.0000697200    0.0000029600   -0.0000867000
   0.0000270700   -0.0000132300    0.0000413700
  -0.0000232000   -0.0000025000   -0.0000346200
   0.0000098900   -0.0000042700    0.0000171400
   0.0000048200    0.0000032600    0.0000218800

82   
  0.0039032904919566   0.0022535658162565   0.0089266883247485
  -0.0000067100   -0.0000038700    0.0000165300
  -0.0001171800   -0.0000676600    0.0001979600
   0.0003039000    0.0001754600   -0.0002844100
   0.0000226000    0.0000006500    0.0001856400
  -0.0000142000    0.0000134600    0.0000734300
   0.0000144500   -0.0000146400    0.0000082600
  -0.0002294000    0.0001196800   -0.0001999500
  -0.0000077400   -0.0000514800   -0.0000473800
  -0.0000009600    0.0010713300    0.0000924400
   0.0000118700    0.0000192500    0.0001856400
   0.0000045600   -0.0000190200    0.0000734300
  -0.0000054500    0.0000198400    0.0000082600
  -0.0000033400   -0.0000019300    0.0001049200
  -0.0000202400   -0.0000116900    0.0000265600
   0.0000014400    0.0000008300    0.0001264500
   0.0000211300    0.0000109900    0.0000194700
  -0.0000108200   -0.0000608600    0.0001090200
   0.0000007200    0.0000178900    0.0000746800
  -0.0000110500   -0.0002585100   -0.0001999500
  -0.0000484500    0.0000190400   -0.0000473800
   0.0009273200   -0.0005364900    0.0000924400
   0.0000200800    0.0000128000    0.0000194700
  -0.0000581100    0.0000210500    0.0001090200
   0.0000158600   -0.0000083200    0.0000746800
   0.0019252700    0.0011115600    0.0009027600
  -0.0000228800   -0.0000132100    0.0000539900
   0.0000208000    0.0000120100   -0.0001830600
   0.0000026800    0.0000015400    0.0061484000
  -0.0000219800   -0.0000126900   -0.0001759700
  -0.0001814600   -0.0001047700    0.0000399400
   0.0000147000   -0.0000086500   -0.0001590800
  -0.0000356100    0.0000282500   -0.0000819400
   0.0000352800   -0.0000201700    0.0000352400
   0.0002009000    0.0000665700    0.0000845300
  -0.0000792600   -0.0000115500   -0.0000600300
   0.0000067100   -0.0000332800   -0.0001531600
  -0.0000001400    0.0000170600   -0.0001590800
   0.0000066600   -0.0000449600   -0.0000819400
   0.0000001700    0.0000406400    0.0000352400
   0.0000012700    0.0000007400   -0.0000760800
  -0.0000055500   -0.0000032100   -0.0000048300
   0.0000146600    0.0000084600   -0.0001513700
   0.0000108700    0.0000594700    0.0000146900
  -0.0000137000   -0.0000061300   -0.0001799500
  -0.0000111400   -0.0000563200   -0.0000170500
   0.0001581000    0.0001407000    0.0000845300
  -0.0000496300   -0.0000628600   -0.0000600300
  -0.0000254700    0.0000224600   -0.0001531600
   0.0000569300   -0.0000203200    0.0000146900
  -0.0000121600   -0.0000088000   -0.0001799500
  -0.0000543400    0.0000185100   -0.0000170500
   0.0000343600    0.0000198400   -0.0001501400
  -0.0002379900   -0.0001374100    0.0002331300
  -0.0000088000   -0.0000050800   -0.0000379100
   0.0000093400    0.0000053900    0.0001376100
   0.0000958500    0.0000553400    0.0000956600
  -0.0001739200   -0.0001004100   -0.0004942900
  -0.0000192400    0.0000241400    0.0000582700
   0.0000199400   -0.0000506900   -0.0000796900
  -0.0000522200    0.0000462600    0.0000487400
   0.0011814300   -0.0009053000    0.0003354300
   0.0000416200    0.0000306500    0.0000579900
  -0.0000759400    0.0000839800    0.0001391800
   0.0000112900   -0.0000287400    0.0000582700
  -0.0000339300    0.0000426100   -0.0000796900
   0.0000139600   -0.0000683600    0.0000487400
   0.0000169700    0.0000098000   -0.0000623700
  -0.0000131900   -0.0000076200    0.0000114800
   0.0000068200    0.0000039400    0.0000463400
   0.0000011400   -0.0000581200    0.0000451800
  -0.0000208500    0.0000606800    0.0000109100
   0.0000215200    0.0000449300   -0.0000734000
  -0.0001932900    0.0014758000    0.0003354300
   0.0000473500    0.0000207200    0.0000579900
   0.0000347600   -0.0001077600    0.0001391800
  -0.0000497600    0.0000300500    0.0000451800
   0.0000421200   -0.0000483900    0.0000109100
   0.0000496700   -0.0000038300   -0.0000734000
  -0.0000792100   -0.0000457300    0.0000115300
   0.0000282500    0.0000163100   -0.0000162800
   0.0000038900    0.0000022400    0.0000418800
  -0.0054657900   -0.0031556700   -0.0159774400
   0.0000895200    0.0000516800    0.0001286100
  -0.0000019300   -0.0000011200    0.0001818300
  -0.0001041300    0.0000698100    0.0001194800
   0.0000077500    0.0000070000    0.0000814500
   0.0001602500   -0.0000428700   -0.0000707400
  -0.0000125700    0.0000169600    0.0000930000
   0.0000187800   -0.0000627300   -0.0000043700
   0.0000077600    0.0000042300    0.0000821700
   0.0000083900   -0.0001250800    0.0001194800
   0.0000099400    0.0000032100    0.0000814500
   0.0000430000    0.0001602200   -0.0000707400
   0.0000008900    0.0000005100    0.0000803100
   0.0000274900    0.0000158700    0.0000331300
  -0.0000707800   -0.0000408700    0.0000384900
  -0.0000565000    0.0000689000   -0.0000144400
   0.0000588500   -0.0000469400    0.0000565600
  -0.0000113500    0.0000213400    0.0000698800
   0.0000084000   -0.0000193700    0.0000930000
  -0.0000449300    0.0000476300   -0.0000043700
   0.0000075400    0.0000046100    0.0000821700
   0.0000314200   -0.0000833800   -0.0000144400
  -0.0000112300    0.0000744400    0.0000565600
   0.0000128000   -0.0000205000    0.0000698800
   0.0000033700    0.0000019500    0.0000789100
  -0.0000247700   -0.0000143000    0.0000117200
   0.0000276800    0.0000159800    0.0000330700
   0.0000138000    0.0000079700   -0.0000149900
  -0.0000315600   -0.0000182200   -0.0001354300
   0.0000177800    0.0000102700    0.0000272700
   0.0000325700   -0.0000324100   -0.0001038600
  -0.0000114200    0.0000217100   -0.0000391100
  -0.0000312600    0.0000719300    0.0000284300
  -0.0000038000    0.0000106400    0.0000176500
   0.0000452700    0.0002163000    0.0000251200
  -0.0000062800   -0.0002490000   -0.0000978400
  -0.0000117800    0.0000444100   -0.0001038600
   0.0000130900   -0.0000207500   -0.0000391100
   0.0000466700   -0.0000630400    0.0000284300
  -0.0000125900   -0.0000072700   -0.0000538000
   0.0000656900    0.0000379300   -0.0000154000
  -0.0000055000   -0.0000031800   -0.0000788100
  -0.0000907900    0.0000480900   -0.0000595300
   0.0000176300   -0.0000034800   -0.0000685900
   0.0000004600   -0.0000217300   -0.0000313800
   0.0000073200   -0.0000086100    0.0000176500
   0.0002099500   -0.0000689500    0.0000251200
  -0.0002187800    0.0001190600   -0.0000978400
  -0.0000037500   -0.0001026700   -0.0000595300
   0.0000058000    0.0000170100   -0.0000685900
  -0.0000185900    0.0000112600   -0.0000313800
   0.0002732800    0.0001577800    0.0001087500
   0.0000112200    0.0000064800   -0.0000172600
  -0.0004545300   -0.0002624200    0.0046955900
   0.0000775300    0.0000713300    0.0004685200
  -0.0000100400    0.0000218100    0.0000229300
   0.0013771100    0.0000500600    0.0008716700
   0.0000048400    0.0000148300    0.0000159000
  -0.0000197500   -0.0000311100   -0.0000361100
   0.0000078800    0.0000066300    0.0000087700
  -0.0001153400   -0.0003570100   -0.0002050800
  -0.0000210300    0.0000157600    0.0000157700
   0.0000059700    0.0000439700    0.0000250200
  -0.0000035100    0.0000136400    0.0000099200
  -0.0000210800    0.0000344800    0.0000583600
   0.0000273900   -0.0000570600   -0.0000892400
  -0.0000014300    0.0000049800   -0.0000005400
   0.0000000400   -0.0000173300   -0.0000168600
   0.0000024200    0.0000175900    0.0000228400
  -0.0000276700   -0.0000513900   -0.0000921900
   0.0000019600    0.0000253100    0.0000443600
   0.0000745400    0.0002187400   -0.0000389000
   0.0000367500   -0.0000822500   -0.0000954400
  -0.0000125800    0.0000166600    0.0000366800
  -0.0000055500   -0.0000012800   -0.0000104000
   0.0000140200    0.0000043000    0.0000095900
  -0.0000010700    0.0000025000    0.0000073500
  -0.0000158900   -0.0000205400   -0.0000238200
   0.0000077500   -0.0000007000   -0.0000041000
  -0.0000053500    0.0000236000    0.0000493700
  -0.0000029900   -0.0000039800   -0.0000091900
  -0.0001056600   -0.0000610000    0.0004815400
  -0.0000069700   -0.0000040200    0.0000003800
   0.0002242300    0.0001294600   -0.0001933300
  -0.0000093400   -0.0000150600    0.0000175900
  -0.0000011400    0.0000092800    0.0000030700
   0.0000019200   -0.0000046600    0.0000076000
  -0.0005704700    0.0006045200    0.0007152100
   0.0000193100    0.0000495100   -0.0000785200
  -0.0000031600   -0.0000155500    0.0000037200
  -0.0000177100   -0.0000005600    0.0000175900
   0.0000074600   -0.0000056200    0.0000030700
  -0.0000030800    0.0000039900    0.0000076000
   0.0000011300    0.0000006500   -0.0000060400
   0.0000100000    0.0000057700   -0.0000117100
  -0.0000061100   -0.0000035300    0.0000072200
  -0.0000135300    0.0000127500    0.0000098100
  -0.0000090700   -0.0000084900    0.0000207000
   0.0000443200    0.0000072500   -0.0000422200
   0.0002382900   -0.0007963000    0.0007152100
   0.0000525400   -0.0000080300   -0.0000785200
  -0.0000150500    0.0000050400    0.0000037200
   0.0000042800   -0.0000180900    0.0000098100
  -0.0000118900   -0.0000036100    0.0000207000
   0.0000284400    0.0000347600   -0.0000422200
  -0.0000388800   -0.0000224500    0.0000365300
   0.0001082100    0.0000624700   -0.0002326200
   0.0000074700    0.0000043200   -0.0000199800
   0.0001005400    0.0000314800    0.0004685200
   0.0000138700   -0.0000196000    0.0000229300
   0.0007319100    0.0011675900    0.0008716700
   0.0000100500   -0.0000098600    0.0000099200
   0.0000193200   -0.0000355000    0.0000583600
  -0.0000357200    0.0000522500   -0.0000892400
  -0.0000528600    0.0000729600   -0.0000954400
   0.0000081400   -0.0000192200    0.0000366800
  -0.0000038800   -0.0000041600   -0.0000104000
   0.0000152600   -0.0000032200    0.0000159000
  -0.0000368200   -0.0000015500   -0.0000361100
   0.0000096800    0.0000035100    0.0000087700
   0.0000035900   -0.0000037300   -0.0000005400
  -0.0000149900    0.0000087000   -0.0000168600
   0.0000164500   -0.0000067000    0.0000228400
   0.0000107400    0.0000099900    0.0000095900
   0.0000016300   -0.0000021800    0.0000073500
  -0.0000257300   -0.0000034900   -0.0000238200
  -0.0003668500    0.0000786200   -0.0002050800
   0.0000031400   -0.0000260900    0.0000157700
   0.0000410700   -0.0000168200    0.0000250200
  -0.0000583400    0.0000017400   -0.0000921900
   0.0000229000   -0.0000109600    0.0000443600
   0.0002267100   -0.0000448200   -0.0000389000
   0.0000032700    0.0000070600   -0.0000041000
   0.0000177700   -0.0000164300    0.0000493700
  -0.0000049400   -0.0000006000   -0.0000091900

82   
 -0.0039032904919566  -0.0022535658162565  -0.0089266883247485
   0.0000067800    0.0000039100    0.0001358100
   0.0001176700    0.0000679300   -0.0000460600
  -0.0003050500   -0.0001761200    0.0004360500
  -0.0000226700   -0.0000006100   -0.0000332300
   0.0000140200   -0.0000134800    0.0000790900
  -0.0000144900    0.0000146100    0.0001438300
   0.0002310200   -0.0001206300    0.0003521300
   0.0000076500    0.0000517000    0.0001997400
   0.0000025500   -0.0010640200    0.0000636100
  -0.0000118600   -0.0000193300   -0.0000332300
  -0.0000046600    0.0000188800    0.0000790900
   0.0000054100   -0.0000198600    0.0001438300
   0.0000032200    0.0000018600    0.0000472000
   0.0000201400    0.0000116300    0.0001253300
  -0.0000013900   -0.0000008000    0.0000260700
  -0.0000211400   -0.0000109400    0.0001324900
   0.0000105500    0.0000609100    0.0000434800
  -0.0000006700   -0.0000178300    0.0000776800
   0.0000110400    0.0002603900    0.0003521300
   0.0000486000   -0.0000192300    0.0001997400
  -0.0009201900    0.0005342200    0.0000636100
  -0.0000200400   -0.0000128400    0.0001324900
   0.0000580200   -0.0000213200    0.0000434800
  -0.0000157800    0.0000083400    0.0000776800
  -0.0018977200   -0.0010956500   -0.0007596600
   0.0000228300    0.0000131800    0.0000983200
  -0.0000209500   -0.0000120900    0.0003371700
  -0.0000163800   -0.0000094600   -0.0061031900
   0.0000220000    0.0000127000    0.0000236400
   0.0001822500    0.0001052200   -0.0001967300
  -0.0000146600    0.0000087000    0.0000065000
   0.0000358200   -0.0000284200   -0.0000703400
  -0.0000352100    0.0000201100   -0.0001874000
  -0.0002017000   -0.0000653400   -0.0002378100
   0.0000791500    0.0000113700   -0.0000921200
  -0.0000067700    0.0000335500    0.0000009700
   0.0000002000   -0.0000170500    0.0000065000
  -0.0000067000    0.0000452300   -0.0000703400
  -0.0000001900   -0.0000405400   -0.0001874000
  -0.0000011000   -0.0000006300   -0.0000763200
   0.0000056100    0.0000032400   -0.0001475800
  -0.0000146400   -0.0000084500   -0.0000012500
  -0.0000108300   -0.0000592100   -0.0001669400
   0.0000136700    0.0000062400    0.0000276200
   0.0000108400    0.0000559000   -0.0001361900
  -0.0001574300   -0.0001420100   -0.0002378100
   0.0000494200    0.0000628600   -0.0000921200
   0.0000256700   -0.0000226400    0.0000009700
  -0.0000566900    0.0000202200   -0.0001669400
   0.0000122400    0.0000087100    0.0000276200
   0.0000538300   -0.0000185700   -0.0001361900
  -0.0000346000   -0.0000199700   -0.0000020000
   0.0002370700    0.0001368700   -0.0003852800
   0.0000088200    0.0000050900   -0.0001141700
  -0.0000093300   -0.0000053800   -0.0001375300
  -0.0000962500   -0.0000555700   -0.0000958500
   0.0001781400    0.0001028500    0.0004915200
   0.0000190700   -0.0000241300   -0.0000581500
  -0.0000200600    0.0000508700    0.0000797000
   0.0000521700   -0.0000462500   -0.0000487300
  -0.0011732200    0.0008977400   -0.0003360200
  -0.0000416000   -0.0000307100   -0.0000580200
   0.0000764100   -0.0000846000   -0.0001391600
  -0.0000113600    0.0000285800   -0.0000581500
   0.0000340300   -0.0000428100    0.0000797000
  -0.0000139700    0.0000683100   -0.0000487300
  -0.0000170200   -0.0000098300    0.0000620500
   0.0000133000    0.0000076800   -0.0000113300
  -0.0000069900   -0.0000040300   -0.0000460100
  -0.0000011300    0.0000581500   -0.0000451200
   0.0000210000   -0.0000608400   -0.0000108100
  -0.0000215200   -0.0000446100    0.0000728600
   0.0001908500   -0.0014649100   -0.0003360200
  -0.0000473900   -0.0000206700   -0.0000580200
  -0.0000350700    0.0001084800   -0.0001391600
   0.0000497900   -0.0000300600   -0.0000451200
  -0.0000421900    0.0000486100   -0.0000108100
  -0.0000493900    0.0000036700    0.0000728600
   0.0000795100    0.0000459000   -0.0000110400
  -0.0000283900   -0.0000163900    0.0000156600
  -0.0000039000   -0.0000022500   -0.0000419600
   0.0054987000    0.0031746800    0.0159682100
  -0.0000893100   -0.0000515700   -0.0000237700
   0.0000018400    0.0000010600   -0.0000774500
   0.0001039100   -0.0000697000   -0.0000148300
  -0.0000077100   -0.0000071100    0.0000232900
  -0.0001604900    0.0000434600    0.0001757800
   0.0000128200   -0.0000170800    0.0000119600
  -0.0000190200    0.0000631700    0.0001086700
  -0.0000077100   -0.0000041900    0.0000224400
  -0.0000084000    0.0001248400   -0.0000148300
  -0.0000100100   -0.0000031200    0.0000232900
  -0.0000426100   -0.0001607200    0.0001757800
  -0.0000010200   -0.0000005900    0.0000244300
  -0.0000277900   -0.0000160400    0.0000715800
   0.0000706600    0.0000407900    0.0000663500
   0.0000560900   -0.0000689700    0.0001189600
  -0.0000586900    0.0000470200    0.0000482500
   0.0000112700   -0.0000214600    0.0000350000
  -0.0000083900    0.0000196400    0.0000119600
   0.0000452000   -0.0000480500    0.0001086700
  -0.0000074800   -0.0000045800    0.0000224400
  -0.0000316900    0.0000830600    0.0001189600
   0.0000113700   -0.0000743300    0.0000482500
  -0.0000129500    0.0000205000    0.0000350000
  -0.0000034400   -0.0000019900    0.0000257300
   0.0000249100    0.0000143800    0.0000931400
  -0.0000276000   -0.0000159300    0.0000714800
  -0.0000138900   -0.0000080200   -0.0000897500
   0.0000315400    0.0000182100    0.0000306200
  -0.0000179200   -0.0000103500   -0.0001319700
  -0.0000323500    0.0000324300   -0.0000008900
   0.0000114300   -0.0000217100   -0.0000657100
   0.0000307500   -0.0000715200   -0.0001328500
   0.0000038800   -0.0000106600   -0.0001223700
  -0.0000450900   -0.0002167700   -0.0001296200
   0.0000058300    0.0002481600   -0.0000068600
   0.0000119100   -0.0000442300   -0.0000008900
  -0.0000130900    0.0000207600   -0.0000657100
  -0.0000465600    0.0000623800   -0.0001328500
   0.0000125600    0.0000072500   -0.0000511000
  -0.0000657500   -0.0000379600   -0.0000892500
   0.0000054600    0.0000031500   -0.0000262200
   0.0000906200   -0.0000487900   -0.0000447200
  -0.0000176400    0.0000034800   -0.0000362600
  -0.0000004300    0.0000218000   -0.0000730700
  -0.0000073000    0.0000086900   -0.0001223700
  -0.0002102700    0.0000693400   -0.0001296200
   0.0002178300   -0.0001190300   -0.0000068600
   0.0000030500    0.0001028700   -0.0000447200
  -0.0000058000   -0.0000170200   -0.0000362600
   0.0000186600   -0.0000112700   -0.0000730700
  -0.0002696600   -0.0001556900   -0.0002100100
  -0.0000112700   -0.0000065100   -0.0000874600
   0.0004665900    0.0002693900   -0.0048611200
  -0.0000776800   -0.0000756300   -0.0004610100
   0.0000100700   -0.0000218300   -0.0000229100
  -0.0014307700   -0.0000449000   -0.0008933500
  -0.0000048600   -0.0000147700   -0.0000158500
   0.0000198200    0.0000312600    0.0000363100
  -0.0000081400   -0.0000065200   -0.0000090700
   0.0001105500    0.0003592300    0.0002090700
   0.0000212500   -0.0000156600   -0.0000160000
  -0.0000060200   -0.0000442800   -0.0000251000
   0.0000035300   -0.0000136200   -0.0000099500
   0.0000211900   -0.0000345800   -0.0000587000
  -0.0000269300    0.0000573500    0.0000888300
   0.0000014400   -0.0000049900    0.0000004700
  -0.0000000500    0.0000173100    0.0000168300
  -0.0000024300   -0.0000175700   -0.0000228400
   0.0000273500    0.0000516500    0.0000919700
  -0.0000019900   -0.0000253600   -0.0000445200
  -0.0000732200   -0.0002199100    0.0000405800
  -0.0000368300    0.0000819900    0.0000956800
   0.0000124700   -0.0000167100   -0.0000367200
   0.0000055400    0.0000013600    0.0000104900
  -0.0000138900   -0.0000043300   -0.0000095400
   0.0000010800   -0.0000024700   -0.0000072800
   0.0000157400    0.0000206000    0.0000236100
  -0.0000077600    0.0000007700    0.0000041600
   0.0000055200   -0.0000235900   -0.0000496500
   0.0000030000    0.0000039300    0.0000091200
   0.0001106500    0.0000638800   -0.0004745500
   0.0000069500    0.0000040100   -0.0000003600
  -0.0002262400   -0.0001306200    0.0001943200
   0.0000092900    0.0000150800   -0.0000175400
   0.0000010800   -0.0000093000   -0.0000030500
  -0.0000018500    0.0000046200   -0.0000076200
   0.0005787000   -0.0006155500   -0.0007171500
  -0.0000196400   -0.0000493500    0.0000783000
   0.0000031000    0.0000155700   -0.0000037000
   0.0000177000    0.0000005000   -0.0000175400
  -0.0000075100    0.0000055800   -0.0000030500
   0.0000030700   -0.0000039100   -0.0000076200
  -0.0000012200   -0.0000007000    0.0000061500
  -0.0000100100   -0.0000057800    0.0000116900
   0.0000060500    0.0000035000   -0.0000071800
   0.0000135100   -0.0000129700   -0.0000100500
   0.0000090500    0.0000084900   -0.0000206700
  -0.0000442300   -0.0000071800    0.0000419900
  -0.0002437300    0.0008089500   -0.0007171500
  -0.0000525500    0.0000076700    0.0000783000
   0.0000150300   -0.0000051000   -0.0000037000
  -0.0000044800    0.0000181900   -0.0000100500
   0.0000118700    0.0000035900   -0.0000206700
  -0.0000283300   -0.0000347100    0.0000419900
   0.0000391500    0.0000226000   -0.0000366600
  -0.0001071800   -0.0000618800    0.0002363700
  -0.0000074600   -0.0000043100    0.0000199100
  -0.0001043300   -0.0000294600   -0.0004610100
  -0.0000138700    0.0000196400   -0.0000229100
  -0.0007542600   -0.0012166300   -0.0008933500
  -0.0000100300    0.0000098700   -0.0000099500
  -0.0000193500    0.0000356400   -0.0000587000
   0.0000362000   -0.0000520000    0.0000888300
   0.0000525900   -0.0000728900    0.0000956800
  -0.0000082300    0.0000191600   -0.0000367200
   0.0000039500    0.0000041200    0.0000104900
  -0.0000152300    0.0000031800   -0.0000158500
   0.0000369800    0.0000015400    0.0000363100
  -0.0000097100   -0.0000037900   -0.0000090700
  -0.0000036000    0.0000037400    0.0000004700
   0.0000149700   -0.0000087000    0.0000168300
  -0.0000164300    0.0000066800   -0.0000228400
  -0.0000107000   -0.0000098700   -0.0000095400
  -0.0000016000    0.0000021700   -0.0000072800
   0.0000257100    0.0000033300    0.0000236100
   0.0003663800   -0.0000838800    0.0002090700
  -0.0000029300    0.0000262400   -0.0000160000
  -0.0000413600    0.0000169300   -0.0000251000
   0.0000584100   -0.0000021400    0.0000919700
  -0.0000229500    0.0000109600   -0.0000445200
  -0.0002270500    0.0000465400    0.0000405800
  -0.0000032100   -0.0000071000    0.0000041600
  -0.0000176700    0.0000165800   -0.0000496500
   0.0000049100    0.0000006300    0.0000091200

136  
  0.0039032904919566   0.0022535658162565   0.0089266883247485
  -0.0000179600    0.0000222000    0.0000512000
  -0.0000260800   -0.0000164300    0.0000601400
  -0.0001522900   -0.0001231000    0.0001296200
   0.0000387300   -0.0000283700    0.0000370300
   0.0000221700   -0.0000332600    0.0000895000
   0.0000359900    0.0000127200   -0.0000044800
   0.0003354300   -0.0004318100    0.0000696700
  -0.0000234900    0.0000108800    0.0000011000
  -0.0000259900   -0.0002052100   -0.0003167400
  -0.0000056500   -0.0000196900    0.0001671800
  -0.0001345900   -0.0001900100    0.0001225200
  -0.0000144200   -0.0000122400    0.0000819100
   0.0001714600   -0.0002971000    0.0001292400
   0.0000111800   -0.0001681900   -0.0000761500
   0.0000492700   -0.0000415900    0.0001304600
   0.0000099100   -0.0000170400    0.0000757800
  -0.0000426800   -0.0000348800    0.0001196600
  -0.0000067800   -0.0000650200    0.0001046400
   0.0003846300    0.0231922300    0.0276567700
  -0.0000472400    0.0000390800    0.0000227900
  -0.0000900300    0.0001103100    0.0000416300
   0.0000424400    0.0000124100    0.0000081500
   0.0000067900    0.0000114100    0.0000619900
   0.0000977600    0.0000838300    0.0000854800
   0.0000746500    0.0001186000   -0.0000613700
  -0.0000458100    0.0000964800    0.0000396100
   0.0000026100    0.0000051700    0.0000388900
   0.0004868100    0.0221628300    0.0265572600
  -0.0000898600    0.0001109100   -0.0001101400
  -0.0000473100    0.0000388100   -0.0001297000
   0.0000742200    0.0001189800   -0.0002141100
   0.0000026100    0.0000051100   -0.0001130100
  -0.0000464400    0.0000960300   -0.0001121400
   0.0000425900    0.0000124200   -0.0001441600
   0.0000975600    0.0000836500   -0.0000668400
   0.0000068400    0.0000114500   -0.0000906900
  -0.0000056300   -0.0000201100    0.0000150500
  -0.0000144500   -0.0000122300   -0.0000702200
  -0.0001346000   -0.0001895900   -0.0000293100
   0.0000099000   -0.0000169900   -0.0000762700
  -0.0000068500   -0.0000653400   -0.0000471600
  -0.0000426500   -0.0000348600   -0.0000331300
   0.0001717500   -0.0002969200   -0.0000226100
   0.0000492900   -0.0000416900   -0.0000221600
   0.0000111300   -0.0001693400   -0.0002297800
  -0.0000178500    0.0000223500   -0.0001009900
  -0.0001500800   -0.0001196600   -0.0000256000
  -0.0000259800   -0.0000163600   -0.0000925700
   0.0003318300   -0.0004249900   -0.0000851400
  -0.0000261500   -0.0002033400   -0.0004673600
  -0.0000234300    0.0000110300   -0.0001507200
   0.0000386800   -0.0000283100   -0.0001157300
   0.0000359400    0.0000128400   -0.0001564300
   0.0000222700   -0.0000331900   -0.0000625000
   0.0000852400   -0.0004652700   -0.0000996600
  -0.0000012000    0.0000077700    0.0000261300
   0.0002858000    0.0000654100    0.0002277400
  -0.0000007600    0.0000048700    0.0000336200
  -0.0000119600    0.0000366000    0.0000032100
   0.0000440700   -0.0000785200   -0.0000487900
  -0.0004426200    0.0000931900    0.0002729300
  -0.0000677600   -0.0000609400   -0.0000709700
   0.0000023300    0.0000080000    0.0000470800
  -0.0000035100   -0.0000129800    0.0000013900
   0.0000278000    0.0000741700   -0.0000403600
   0.0000277800    0.0000743200   -0.0000395000
  -0.0000278300    0.0001045100   -0.0000601800
   0.0000053500    0.0000666400    0.0000061800
   0.0000010800   -0.0000139700    0.0000234000
  -0.0000277800    0.0001046000   -0.0000592600
   0.0000015000   -0.0000139500    0.0000233300
   0.0000053600    0.0000666100    0.0000053500
   0.0000839400   -0.0004582700   -0.0001101900
   0.0002849700    0.0000662900    0.0002295500
  -0.0000012600    0.0000076600    0.0000262200
  -0.0004418100    0.0000934200    0.0002748000
   0.0000023200    0.0000082100    0.0000467800
  -0.0000677200   -0.0000610500   -0.0000713500
  -0.0000007300    0.0000048000    0.0000336700
   0.0000442800   -0.0000784700   -0.0000492800
  -0.0000119700    0.0000365900    0.0000034900
   0.0000777400   -0.0000356200    0.0005438600
   0.0020376900   -0.0006526000    0.0008606600
   0.0000072100    0.0000039100    0.0000718600
  -0.0007207900   -0.0005846400    0.0001663000
   0.0000061000   -0.0000152900    0.0000920800
   0.0000036900    0.0000069500    0.0000593100
  -0.0000124900    0.0000028900    0.0000787600
  -0.0000167400    0.0000032100    0.0000729200
  -0.0000199300   -0.0000495200    0.0000210300
   0.0000368400    0.0001888500   -0.0001103200
  -0.0000062800   -0.0000153900    0.0000456100
   0.0000354200    0.0000189300    0.0000672800
   0.0000084500   -0.0000216200    0.0000530600
  -0.0000028500    0.0000159400    0.0000377400
   0.0000856600    0.0000811900    0.0000477100
  -0.0000339200    0.0000284200    0.0000764700
  -0.0001068900    0.0000934600    0.0000400900
  -0.0000010900   -0.0000013300    0.0000607800
  -0.0000034800    0.0000146200    0.0000618800
   0.0000015300   -0.0000237400   -0.0000343700
   0.0000649000    0.0000313700    0.0000739500
  -0.0000019500   -0.0000170800   -0.0000598600
   0.0000742100    0.0003712500   -0.0000247800
   0.0000288500    0.0000184400    0.0000865300
  -0.0000872600    0.0000526600    0.0000773700
  -0.0000244400    0.0000219600    0.0000858900
   0.0000001100   -0.0000086600    0.0000330900
  -0.0000035500    0.0000145200   -0.0000426400
   0.0000646000    0.0000315700   -0.0000309800
   0.0000016200   -0.0000237900   -0.0001388600
  -0.0000869900    0.0000529000   -0.0000275300
   0.0000000900   -0.0000088300   -0.0000710300
  -0.0000248000    0.0000219100   -0.0000185000
  -0.0000021000   -0.0000170700   -0.0001642000
   0.0000291500    0.0000185300   -0.0000179800
   0.0000734600    0.0003723500   -0.0001321500
   0.0000367700    0.0001891200   -0.0002167300
   0.0000350800    0.0000188400   -0.0000367400
  -0.0000063700   -0.0000154600   -0.0000588600
  -0.0000336300    0.0000284200   -0.0000274800
  -0.0000010600   -0.0000009500   -0.0000440500
  -0.0001072400    0.0000931500   -0.0000649500
   0.0000084500   -0.0000216700   -0.0000515400
   0.0000859500    0.0000807300   -0.0000572600
  -0.0000028800    0.0000159800   -0.0000664400
   0.0000776800   -0.0000338600    0.0004399800
   0.0000073700    0.0000039700   -0.0000327000
   0.0019788500   -0.0006458000    0.0007288800
  -0.0000126000    0.0000029500   -0.0000258700
  -0.0000198000   -0.0000496000   -0.0000837400
  -0.0000169700    0.0000032900   -0.0000315800
  -0.0007130300   -0.0005807700    0.0000608600
   0.0000039700    0.0000071000   -0.0000452400
   0.0000059900   -0.0000154300   -0.0000119900
  -0.0052245700   -0.0543862200   -0.0514725100
  -0.0000176100   -0.0000051300   -0.0000314600
  -0.0000184900   -0.0000046800   -0.0000318800
   0.0000155300    0.0000139400   -0.0000213800
   0.0000013800    0.0000049900    0.0000039400
   0.0000438600   -0.0000765700   -0.0000875700
   0.0000161000    0.0000140700   -0.0000216700
   0.0000439500   -0.0000763600   -0.0000876900
   0.0000013900    0.0000050300    0.0000039600
  -0.0000025600   -0.0000226400   -0.0000111300
  -0.0000077100    0.0000096500    0.0000150400
  -0.0002514600   -0.0000265200    0.0003056300
   0.0000132400    0.0000141200    0.0000230200
   0.0000026200    0.0000329200    0.0000553700
  -0.0000077400   -0.0000093500    0.0000048400
   0.0000897100    0.0002911400    0.0003748100
   0.0000180400   -0.0000141700    0.0000173600
  -0.0000327400    0.0000803800    0.0001466000
  -0.0000025500   -0.0000226800   -0.0000113200
  -0.0002520600   -0.0000254900    0.0003066400
  -0.0000076800    0.0000096900    0.0000150800
   0.0000912200    0.0002918600    0.0003765100
  -0.0000329400    0.0000801700    0.0001454200
   0.0000181300   -0.0000142200    0.0000173700
   0.0000132100    0.0000142000    0.0000231100
  -0.0000078100   -0.0000093900    0.0000048300
   0.0000026500    0.0000327900    0.0000551300
   0.0026111000    0.0034102800   -0.0020228100
  -0.0000033700    0.0000128600    0.0000240100
   0.0000053600    0.0000047400   -0.0000200400
  -0.0000315500    0.0000073600    0.0000637700
  -0.0000000700   -0.0000167200    0.0000134900
   0.0000113700    0.0000209000    0.0000012500
  -0.0000367700   -0.0000293200    0.0000455900
  -0.0000265100   -0.0001486500    0.0001738000
  -0.0000056400    0.0000009900    0.0000079600
   0.0000122800    0.0000039400   -0.0000202400
   0.0000121600    0.0000040900   -0.0000202100
   0.0000977300   -0.0000915400   -0.0003046800
   0.0000049000   -0.0000062900    0.0000042100
   0.0000674500   -0.0000444100   -0.0000317000
   0.0000164300    0.0000026200   -0.0000340700
   0.0000671700   -0.0000445800   -0.0000312800
   0.0000048800   -0.0000062600    0.0000041500
   0.0000166400    0.0000027000   -0.0000343000
  -0.0000034400    0.0000129100    0.0000239500
   0.0026367000    0.0034516600   -0.0020484400
   0.0000052300    0.0000046800   -0.0000198000
  -0.0000268500   -0.0001491300    0.0001746100
  -0.0000366000   -0.0000292100    0.0000452500
  -0.0000055500    0.0000010200    0.0000078100
  -0.0000001100   -0.0000167400    0.0000135500
  -0.0000312900    0.0000068300    0.0000636800
   0.0000115100    0.0000209800    0.0000017200
  -0.0019389700    0.0029201200   -0.0008477100
   0.0000044000   -0.0000047900    0.0000516200
   0.0000375900   -0.0000575700    0.0000503900
   0.0000327000    0.0000122400    0.0000349500
  -0.0000001100   -0.0000075500    0.0000054900
   0.0001178300   -0.0000189900    0.0001385900
  -0.0000059400    0.0000029200   -0.0000232300
  -0.0000165800    0.0000419200   -0.0000509400
   0.0000035200    0.0000039600    0.0000025400
  -0.0000136600    0.0000025900   -0.0000196500
  -0.0000004000   -0.0000071500    0.0000069700
  -0.0000488800   -0.0000369800   -0.0000167000
  -0.0000135600    0.0000027700   -0.0000196200
  -0.0000491600   -0.0000368700   -0.0000170000
  -0.0000003700   -0.0000071200    0.0000069200
  -0.0001934200   -0.0000663800   -0.0004040400
  -0.0000201100    0.0000082200   -0.0000365200
  -0.0000202800    0.0000082400   -0.0000367200
   0.0000325300    0.0000122700    0.0000348400
   0.0001183500   -0.0000193200    0.0001386400
  -0.0000000600   -0.0000075300    0.0000055300
  -0.0019299200    0.0028863100   -0.0008541100
   0.0000374900   -0.0000576600    0.0000500200
   0.0000043900   -0.0000056100    0.0000511800
  -0.0000058300    0.0000028500   -0.0000230200
   0.0000034700    0.0000039900    0.0000024200
  -0.0000165500    0.0000421300   -0.0000510900

136  
  0.0000000000000000  -0.0045071316325129   0.0089266883247485
  -0.0000000000    0.0000103100    0.0000674400
  -0.0000195100   -0.0000126600    0.0000613000
  -0.0003562100   -0.0005049000    0.0001107600
   0.0000195100   -0.0000126600    0.0000613000
   0.0000000000   -0.0000161200    0.0000691400
   0.0000171400    0.0000053700    0.0000288300
   0.0003562100   -0.0005049000    0.0001107600
  -0.0000171400    0.0000053700    0.0000288300
   0.0000000000   -0.0001247600   -0.0002198400
  -0.0000000000   -0.0000185600    0.0001358700
  -0.0001511600   -0.0002073300    0.0001163800
  -0.0000075400   -0.0000102200    0.0000813100
   0.0001511600   -0.0002073300    0.0001163800
   0.0000000000   -0.0001302500   -0.0000377400
   0.0000307400   -0.0000250600    0.0001077200
   0.0000075400   -0.0000102200    0.0000813100
  -0.0000307400   -0.0000250600    0.0001077200
   0.0000000000   -0.0000359000    0.0000909700
  -0.0000000000    0.0072094100    0.0083896800
  -0.0000355800    0.0000285800    0.0000424700
  -0.0000299100    0.0000701500    0.0000617800
   0.0000355800    0.0000285800    0.0000424700
  -0.0000000000    0.0000056400    0.0000697600
   0.0000163000    0.0000538300    0.0000479900
   0.0000299100    0.0000701500    0.0000617800
  -0.0000163000    0.0000538300    0.0000479900
  -0.0000000000    0.0000038000    0.0000576500
  -0.0000000000    0.0070516600    0.0082062200
  -0.0000289200    0.0000707900   -0.0000898100
  -0.0000356600    0.0000283300   -0.0001101800
   0.0000289200    0.0000707900   -0.0000898100
   0.0000000000    0.0000038200   -0.0000942800
  -0.0000163000    0.0000536900   -0.0001038700
   0.0000356600    0.0000283300   -0.0001101800
   0.0000163000    0.0000536900   -0.0001038700
   0.0000000000    0.0000056400   -0.0000831100
   0.0000000000   -0.0000193900   -0.0000161200
  -0.0000074400   -0.0000102800   -0.0000707300
  -0.0001517200   -0.0002072800   -0.0000351200
   0.0000074400   -0.0000102800   -0.0000707300
   0.0000000000   -0.0000363700   -0.0000610700
  -0.0000305900   -0.0000251100   -0.0000453600
   0.0001517200   -0.0002072800   -0.0000351200
   0.0000305900   -0.0000251100   -0.0000453600
   0.0000000000   -0.0001317300   -0.0001916400
   0.0000000000    0.0000104000   -0.0000848100
  -0.0003523700   -0.0005002300   -0.0000428200
  -0.0000194000   -0.0000125400   -0.0000916000
   0.0003523700   -0.0005002300   -0.0000428200
   0.0000000000   -0.0001232000   -0.0003709400
  -0.0000170000    0.0000055200   -0.0001229200
   0.0000194000   -0.0000125400   -0.0000916000
   0.0000170000    0.0000055200   -0.0001229200
   0.0000000000   -0.0000162100   -0.0000830100
   0.0000000000   -0.0002669200   -0.0000487300
  -0.0000025000    0.0000023400    0.0000115600
   0.0002186100   -0.0000287700    0.0001632500
   0.0000025000    0.0000023400    0.0000115600
   0.0000000000    0.0000189300   -0.0000029700
   0.0000362400   -0.0000305500   -0.0000315300
  -0.0002186100   -0.0000287700    0.0001632500
  -0.0000362400   -0.0000305500   -0.0000315300
   0.0000000000    0.0000019300    0.0000259400
   0.0000000000   -0.0000027800   -0.0000050300
   0.0000157600    0.0000614100   -0.0000341600
   0.0000157500    0.0000611800   -0.0000330200
  -0.0000157600    0.0000614100   -0.0000341600
  -0.0000000000    0.0000466500    0.0000092600
  -0.0000001800   -0.0000056500    0.0000131200
  -0.0000157500    0.0000611800   -0.0000330200
   0.0000001800   -0.0000056500    0.0000131200
  -0.0000000000    0.0000466300    0.0000082900
   0.0000000000   -0.0002597000   -0.0000637600
   0.0002172900   -0.0000285500    0.0001645800
  -0.0000025300    0.0000022300    0.0000116200
  -0.0002172900   -0.0000285500    0.0001645800
   0.0000000000    0.0000020700    0.0000256900
  -0.0000365300   -0.0000305900   -0.0000320900
   0.0000025300    0.0000022300    0.0000116200
   0.0000365300   -0.0000305900   -0.0000320900
   0.0000000000    0.0000189700   -0.0000024100
  -0.0000000000    0.0000163300    0.0004764100
   0.0010162700   -0.0002671500    0.0005387800
   0.0000038000    0.0000007700    0.0000620800
  -0.0010162700   -0.0002671500    0.0005387800
   0.0000000000   -0.0000141800    0.0000584800
   0.0000024300   -0.0000007000    0.0000590900
  -0.0000038000    0.0000007700    0.0000620800
  -0.0000024300   -0.0000007000    0.0000590900
   0.0000000000   -0.0000198100    0.0000370900
   0.0000000000    0.0000108100   -0.0000028100
  -0.0000068700   -0.0000068600    0.0000473800
   0.0000240000    0.0000139500    0.0000665600
   0.0000068700   -0.0000068600    0.0000473800
   0.0000000000    0.0000109600    0.0000420500
   0.0000577200    0.0000439300    0.0000538500
  -0.0000240000    0.0000139500    0.0000665600
  -0.0000577200    0.0000439300    0.0000538500
   0.0000000000    0.0000033500    0.0000576300
  -0.0000000000    0.0000090200    0.0000529400
   0.0000065000   -0.0000077800   -0.0000090400
   0.0000505000    0.0000186200    0.0000668600
  -0.0000065000   -0.0000077800   -0.0000090400
   0.0000000000    0.0000270300   -0.0001039400
   0.0000198700    0.0000109300    0.0000723200
  -0.0000505000    0.0000186200    0.0000668600
  -0.0000198700    0.0000109300    0.0000723200
   0.0000000000   -0.0000028700    0.0000448500
   0.0000000000    0.0000088800   -0.0000518100
   0.0000501100    0.0000187600   -0.0000384800
   0.0000069200   -0.0000076000   -0.0001133900
  -0.0000501100    0.0000187600   -0.0000384800
   0.0000000000   -0.0000030100   -0.0000593600
  -0.0000201800    0.0000110100   -0.0000323300
  -0.0000069200   -0.0000076000   -0.0001133900
   0.0000201800    0.0000110100   -0.0000323300
   0.0000000000    0.0000291200   -0.0002120700
   0.0000000000    0.0000110000   -0.0001097500
   0.0000237400    0.0000138200   -0.0000375600
  -0.0000068500   -0.0000068600   -0.0000573300
  -0.0000237400    0.0000138200   -0.0000375600
   0.0000000000    0.0000036900   -0.0000473200
  -0.0000584400    0.0000436900   -0.0000515200
   0.0000068500   -0.0000068600   -0.0000573300
   0.0000584400    0.0000436900   -0.0000515200
   0.0000000000    0.0000110100   -0.0000623000
  -0.0000000000    0.0000172700    0.0003702300
   0.0000039900    0.0000007300   -0.0000425300
   0.0010058600   -0.0002691900    0.0004288800
  -0.0000039900    0.0000007300   -0.0000425300
   0.0000000000   -0.0000198700   -0.0000678500
  -0.0000024500   -0.0000005500   -0.0000454100
  -0.0010058600   -0.0002691900    0.0004288800
   0.0000024500   -0.0000005500   -0.0000454100
   0.0000000000   -0.0000143000   -0.0000460300
   0.0000000000   -0.0137980000   -0.0205217000
  -0.0000000900   -0.0000068200   -0.0000270800
  -0.0000010600   -0.0000064200   -0.0000272500
   0.0000000900   -0.0000068200   -0.0000270800
   0.0000000000    0.0000014200    0.0000010200
   0.0000000300   -0.0000321600   -0.0000409200
   0.0000010600   -0.0000064200   -0.0000272500
  -0.0000000300   -0.0000321600   -0.0000409200
   0.0000000000    0.0000014700    0.0000010800
   0.0000000000   -0.0000150800    0.0000040700
  -0.0000065700    0.0000066300    0.0000113200
   0.0001051000    0.0003704200    0.0001791400
   0.0000065700    0.0000066300    0.0000113200
   0.0000000000    0.0000203500    0.0000337200
  -0.0000170800   -0.0000120900    0.0000201700
  -0.0001051000    0.0003704200    0.0001791400
   0.0000170800   -0.0000120900    0.0000201700
  -0.0000000000    0.0000707600    0.0000882600
   0.0000000000   -0.0000151000    0.0000037100
   0.0001025400    0.0003693200    0.0001818100
  -0.0000065500    0.0000067000    0.0000113900
  -0.0001025400    0.0003693200    0.0001818100
  -0.0000000000    0.0000705500    0.0000870700
   0.0000171600   -0.0000121900    0.0000200900
   0.0000065500    0.0000067000    0.0000113900
  -0.0000171600   -0.0000121900    0.0000200900
  -0.0000000000    0.0000202200    0.0000334600
  -0.0006207400    0.0006330600    0.0002933800
   0.0000031000   -0.0000008200    0.0000253000
   0.0000030200    0.0000028800   -0.0000126700
  -0.0000028400   -0.0000047600    0.0000193700
   0.0000007400   -0.0000069700    0.0000056800
   0.0000073200    0.0000154900   -0.0000055800
  -0.0000360000   -0.0000254900    0.0000391700
  -0.0000035300   -0.0000583500    0.0000949600
  -0.0000014200   -0.0000000200    0.0000048100
   0.0000108000    0.0000015200   -0.0000155900
   0.0000105900    0.0000018300   -0.0000154800
   0.0001303600    0.0000077300   -0.0002812000
   0.0000025600   -0.0000034400    0.0000039000
   0.0000398100   -0.0000363100   -0.0000068300
   0.0000144300    0.0000092000   -0.0000215400
   0.0000396500   -0.0000364500   -0.0000063700
   0.0000024800   -0.0000034400    0.0000039000
   0.0000146300    0.0000092400   -0.0000218500
   0.0000031400   -0.0000007600    0.0000252400
  -0.0006217800    0.0006300800    0.0003000600
   0.0000028700    0.0000028200   -0.0000123500
  -0.0000034900   -0.0000587000    0.0000957300
  -0.0000358500   -0.0000255200    0.0000387500
  -0.0000013300    0.0000000300    0.0000046400
   0.0000006900   -0.0000069400    0.0000057200
  -0.0000027300   -0.0000056300    0.0000192400
   0.0000072800    0.0000155900   -0.0000055300
   0.0006207400    0.0006330600    0.0002933800
   0.0000028400   -0.0000047600    0.0000193700
   0.0000360000   -0.0000254900    0.0000391700
  -0.0000031000   -0.0000008200    0.0000253000
  -0.0000007400   -0.0000069700    0.0000056800
   0.0000035300   -0.0000583500    0.0000949600
  -0.0000030200    0.0000028800   -0.0000126700
  -0.0000073200    0.0000154900   -0.0000055800
   0.0000014200   -0.0000000200    0.0000048100
  -0.0000108000    0.0000015200   -0.0000155900
  -0.0000025600   -0.0000034400    0.0000039000
  -0.0000396500   -0.0000364500   -0.0000063700
  -0.0000105900    0.0000018300   -0.0000154800
  -0.0000398100   -0.0000363100   -0.0000068340
  -0.0000024800   -0.0000034400    0.0000039000
  -0.0001303600    0.0000077300   -0.0002812000
  -0.0000144300    0.0000092000   -0.0000215400
  -0.0000146300    0.0000092400   -0.0000218500
  -0.0000031400   -0.0000007600    0.0000252400
   0.0000034900   -0.0000587000    0.0000957300
  -0.0000006900   -0.0000069400    0.0000057200
   0.0006217800    0.0006300800    0.0003000600
   0.0000358500   -0.0000255200    0.0000387500
   0.0000027300   -0.0000056300    0.0000192400
  -0.0000028700    0.0000028200   -0.0000123500
   0.0000013300    0.0000000300    0.0000046400
  -0.0000072800    0.0000155900   -0.0000055300
